0433453213
0343213434
2465347756
4434564567
3435656345
3463546454
7658587545
2423365466
2346256678
2364569568
7361938493
3548373992
1638390930
3209857837
1049784879
1274923889
2857968716
1248798786
0924283687
1047983749
4387398520
1208300387
2103894798
1847398900
0092394298
2109480990
1204940028
1924084307
0023703278
1248274980
1209481090
0001249879
4104093098
2194082309
2104801801
2140980910
2104839001
2408109380
3498230980
1409023480
1240390584
2349508235
2390580209
3095809239
1482379878
1482937890
1204882937
1472938749
1243602348
1247398479
